7,8,1~8,8,1
9,0,1~9,2,1
1,9,1~2,9,1
1,8,1~4,8,1
6,6,1~8,6,1
0,0,1~3,0,1
0,4,1~0,6,1
7,2,1~7,2,1
1,5,1~1,5,3
3,6,1~5,6,1
1,2,1~4,2,1
6,0,1~7,0,1
9,5,1~9,5,3
2,7,2~2,9,2
2,9,3~5,9,3
9,0,2~9,2,2
8,8,2~8,9,2
1,0,2~3,0,2
0,0,2~0,0,3
5,7,1~7,7,1
7,4,1~9,4,1
7,1,1~8,1,1
6,3,1~6,5,1
9,8,1~9,8,2
6,0,2~6,0,2
3,2,2~3,5,2
7,3,1~7,3,3
8,2,1~8,2,4
3,0,3~5,0,3
4,1,2~7,1,2
1,8,2~1,8,4
0,6,2~2,6,2
4,1,3~4,2,3
2,5,3~5,5,3
1,0,4~4,0,4
9,3,4~9,7,4
0,6,3~0,8,3
4,0,5~5,0,5
9,4,5~9,6,5
8,4,2~8,7,2
3,7,2~6,7,2
6,5,2~6,6,2
2,4,3~4,4,3
5,1,3~7,1,3
7,5,3~8,5,3
2,2,4~2,4,4
4,5,4~4,7,4
6,5,3~6,8,3
0,6,4~0,8,4
0,5,4~3,5,4
6,0,4~6,1,4
4,4,4~7,4,4
2,2,5~4,2,5
0,3,5~2,3,5
1,5,5~1,7,5
8,0,5~8,2,5
0,8,5~0,9,5
4,4,5~4,4,6
0,2,6~0,3,6
9,4,6~9,6,6
1,3,6~1,4,6
8,3,3~8,4,3
4,8,4~6,8,4
5,7,3~5,7,6
5,3,5~5,5,5
0,3,7~0,4,7
2,1,6~2,3,6
3,8,5~5,8,5
4,4,7~7,4,7
4,2,6~6,2,6
8,0,6~8,1,6
8,6,7~9,6,7
6,4,8~7,4,8
5,3,6~6,3,6
0,3,8~1,3,8
1,4,7~1,6,7
5,2,7~5,2,10
7,3,9~7,5,9
9,6,8~9,6,10
7,3,10~8,3,10
2,2,11~5,2,11
2,1,12~2,3,12
2,1,13~2,3,13
0,1,14~3,1,14
8,3,4~8,4,4
3,7,7~5,7,7
8,0,7~8,0,9
9,6,11~9,6,12
5,1,12~5,5,12
9,6,13~9,6,15
2,1,15~5,1,15
5,5,13~5,6,13
3,6,15~6,6,15
3,5,15~5,5,15
5,4,14~5,6,14
8,1,14~8,2,14
5,2,13~9,2,13
1,2,14~5,2,14
1,0,15~1,3,15
6,6,16~6,8,16
2,5,16~6,5,16
5,1,16~5,1,18
5,8,17~7,8,17
3,5,17~3,5,18
5,1,19~6,1,19
9,2,14~9,5,14
8,0,15~8,1,15
7,2,14~7,2,16
4,4,15~6,4,15
3,6,16~3,9,16
9,1,15~9,4,15
3,2,15~5,2,15
6,2,16~6,4,16
3,4,16~4,4,16
2,4,17~2,6,17
2,7,17~4,7,17
9,0,16~9,2,16
8,2,17~9,2,17
2,7,18~2,7,19
3,6,17~3,6,19
4,1,20~6,1,20
8,3,16~9,3,16
3,2,16~5,2,16
4,3,17~4,5,17
7,0,17~9,0,17
3,7,18~3,9,18
4,3,18~6,3,18
2,2,18~2,4,18
5,0,18~7,0,18
0,9,19~3,9,19
9,0,18~9,3,18
8,0,18~8,1,18
9,0,19~9,1,19
4,0,19~7,0,19
9,0,20~9,2,20
2,6,20~6,6,20
3,2,17~5,2,17
2,0,19~2,2,19
0,9,20~1,9,20
0,2,20~2,2,20
2,3,21~2,6,21
4,6,21~4,9,21
9,1,21~9,4,21
5,4,21~5,7,21
5,6,22~8,6,22
9,1,22~9,3,22
2,4,22~4,4,22
9,0,23~9,3,23
9,0,24~9,2,24
0,8,21~0,9,21
1,5,22~3,5,22
7,3,23~7,6,23
8,1,25~9,1,25
9,0,25~9,0,28
6,5,23~6,7,23
1,4,23~1,6,23
8,4,23~8,6,23
5,5,23~5,7,23
3,5,24~5,5,24
0,4,24~3,4,24
0,9,22~0,9,24
4,7,24~6,7,24
7,1,24~7,3,24
2,3,25~2,5,25
1,6,24~1,6,27
1,2,25~1,4,25
2,3,26~2,5,26
5,7,25~5,9,25
3,1,25~3,4,25
0,9,25~0,9,26
9,1,26~9,1,29
0,3,25~0,5,25
7,0,25~7,1,25
6,4,25~6,7,25
3,8,26~5,8,26
1,5,28~1,7,28
0,3,27~2,3,27
2,7,26~5,7,26
6,7,26~8,7,26
3,3,26~3,3,27
0,0,28~0,3,28
1,2,29~1,5,29
2,1,28~2,4,28
8,5,27~8,7,27
1,6,29~1,6,29
1,7,29~3,7,29
1,3,30~1,5,30
0,1,29~3,1,29
8,7,28~8,7,30
1,4,31~1,5,31
2,6,30~2,8,30
3,7,30~3,9,30
1,2,30~4,2,30
5,5,26~6,5,26
6,6,26~6,6,28
4,7,27~5,7,27
7,6,27~7,8,27
8,3,28~8,5,28
3,2,28~3,4,28
7,4,28~7,6,28
6,5,29~6,7,29
0,1,30~0,3,30
8,7,31~9,7,31
1,0,31~1,2,31
1,5,32~2,5,32
0,1,31~0,3,31
0,4,32~1,4,32
4,0,31~4,3,31
2,7,31~2,8,31
1,5,33~3,5,33
2,8,32~5,8,32
2,6,33~2,8,33
3,6,30~6,6,30
8,4,29~9,4,29
5,3,31~5,6,31
1,1,32~3,1,32
0,0,32~2,0,32
1,4,33~3,4,33
2,0,33~5,0,33
5,3,32~8,3,32
0,3,33~0,4,33
2,8,34~4,8,34
1,7,34~2,7,34
8,2,33~8,5,33
8,7,32~8,7,34
2,1,33~2,3,33
2,6,34~4,6,34
2,8,35~3,8,35
2,0,34~5,0,34
2,7,36~2,9,36
4,4,32~6,4,32
6,4,33~6,7,33
4,4,34~7,4,34
6,2,34~8,2,34
5,6,34~7,6,34
0,3,34~0,4,34
4,8,35~4,9,35
3,5,35~3,6,35
0,2,35~0,4,35
7,0,35~7,2,35
6,3,35~6,5,35
8,2,35~8,3,35
1,9,37~3,9,37
1,9,38~2,9,38
5,2,33~5,3,33
1,2,34~3,2,34
7,7,35~8,7,35
4,6,35~6,6,35
6,1,36~6,3,36
5,4,35~5,4,37
7,3,35~7,5,35
4,4,35~4,5,35
3,6,36~3,6,38
8,2,36~8,5,36
4,8,36~7,8,36
4,2,37~6,2,37
4,4,38~6,4,38
4,7,37~4,9,37
4,9,38~4,9,38
3,5,39~3,6,39
8,7,36~8,9,36
5,8,37~5,8,37
3,4,39~5,4,39
6,9,37~8,9,37
8,6,37~8,7,37
6,9,38~8,9,38
7,6,38~9,6,38
7,7,38~8,7,38
8,2,37~8,2,40
3,9,39~4,9,39
7,7,39~7,9,39
2,6,40~5,6,40
0,6,41~3,6,41
2,4,40~5,4,40
3,5,42~3,8,42
1,3,42~1,6,42
3,5,43~4,5,43
1,3,43~1,6,43
0,7,43~3,7,43
6,6,39~6,9,39
9,5,39~9,6,39
8,6,39~8,8,39
3,9,40~3,9,41
8,5,40~8,7,40
5,4,41~5,6,41
2,5,42~2,6,42
8,2,41~8,3,41
6,5,41~8,5,41
1,2,44~1,4,44
5,2,42~5,5,42
1,5,44~2,5,44
4,4,43~7,4,43
2,3,43~5,3,43
2,1,44~2,3,44
1,7,44~3,7,44
5,6,42~5,8,42
7,7,41~9,7,41
4,2,43~7,2,43
8,2,42~8,2,44
6,0,44~6,2,44
0,5,45~2,5,45
5,0,45~6,0,45
1,7,45~2,7,45
6,2,45~6,3,45
1,4,46~1,6,46
1,1,45~3,1,45
2,4,46~2,6,46
0,5,46~0,5,48
3,1,46~5,1,46
1,6,47~3,6,47
6,3,46~9,3,46
8,6,42~8,7,42
5,6,43~5,8,43
6,2,46~7,2,46
1,0,46~1,2,46
4,0,46~6,0,46
7,0,47~7,2,47
5,1,47~5,3,47
7,3,47~9,3,47
5,1,48~8,1,48
0,5,49~0,7,49
2,6,48~2,6,49
6,2,48~8,2,48
4,7,44~5,7,44
4,6,45~4,8,45
3,8,46~5,8,46
1,2,47~3,2,47
0,1,47~2,1,47
9,0,48~9,3,48
4,1,47~4,1,49
2,1,48~2,3,48
9,0,49~9,2,49
9,0,50~9,0,52
5,4,45~5,7,45
4,4,46~7,4,46
4,8,47~5,8,47
1,2,48~1,2,50
0,0,48~0,2,48
9,0,53~9,2,53
4,3,47~4,4,47
6,4,47~9,4,47
6,4,48~6,6,48
5,6,49~8,6,49
9,4,48~9,7,48
0,0,49~2,0,49
9,6,49~9,9,49
1,1,51~1,4,51
5,6,50~8,6,50
7,4,51~7,7,51
7,6,52~7,8,52
9,1,54~9,2,54
6,7,53~8,7,53
4,6,53~7,6,53
8,4,48~8,4,50
5,5,49~6,5,49
0,0,50~3,0,50
8,5,51~8,7,51
6,4,52~7,4,52
4,8,53~7,8,53
1,3,52~1,3,54
7,4,53~9,4,53
7,6,54~8,6,54
5,8,54~5,8,54
6,7,54~6,7,56
1,8,54~4,8,54
5,8,55~7,8,55
5,8,56~7,8,56
5,4,50~5,5,50
0,0,51~0,0,54
9,4,54~9,6,54
8,1,54~8,4,54
9,3,55~9,5,55
9,2,56~9,3,56
2,4,51~5,4,51
7,6,55~7,7,55
4,8,55~4,9,55
8,0,55~8,2,55
2,8,55~2,9,55
4,7,56~4,9,56
3,7,57~4,7,57
2,7,56~2,9,56
6,6,56~7,6,56
2,8,57~3,8,57
0,7,58~3,7,58
3,3,52~3,4,52
2,1,52~2,4,52
3,2,53~3,5,53
4,1,52~4,4,52
3,1,54~3,2,54
7,0,56~9,0,56
5,6,57~9,6,57
4,9,57~4,9,59
0,8,58~2,8,58
4,9,60~6,9,60
4,9,61~7,9,61
1,5,54~4,5,54
4,1,53~4,3,53
0,1,55~3,1,55
3,4,55~3,6,55
2,1,56~2,4,56
3,1,56~3,2,56
1,0,56~1,1,56
2,5,56~3,5,56
0,5,57~2,5,57
3,5,57~4,5,57
1,1,57~1,2,57
9,6,58~9,6,59
7,5,58~7,6,58
4,7,62~4,9,62
3,7,63~5,7,63
3,7,64~3,8,64
4,7,64~5,7,64
3,8,65~5,8,65
4,5,55~6,5,55
4,2,54~6,2,54
1,5,58~1,6,58
1,1,58~1,1,61
6,2,55~6,4,55
5,5,56~6,5,56
1,0,57~2,0,57
1,1,62~1,1,64
2,8,66~3,8,66
4,2,55~4,4,55
4,1,56~4,2,56
6,4,56~8,4,56
3,2,57~5,2,57
1,0,58~2,0,58
4,1,57~4,1,58
2,8,67~4,8,67
3,4,56~4,4,56
6,3,57~6,5,57
4,2,58~6,2,58
8,4,58~8,7,58
2,0,59~4,0,59
3,3,58~3,6,58
3,6,59~6,6,59
2,0,60~2,2,60
8,4,59~8,7,59
6,2,59~8,2,59
2,0,61~3,0,61
2,1,61~3,1,61
3,0,62~5,0,62
6,6,62~6,9,62
3,0,63~4,0,63
6,4,58~7,4,58
6,3,58~8,3,58
0,4,59~3,4,59
7,4,60~9,4,60
3,4,60~5,4,60
8,1,60~8,3,60
6,5,60~6,6,60
8,0,61~8,1,61
3,6,60~4,6,60
8,6,60~8,9,60
0,4,60~1,4,60
0,3,61~0,5,61
4,4,61~4,4,63
0,0,62~2,0,62
5,9,63~6,9,63
6,6,63~6,8,63
0,0,63~0,0,66
2,3,60~2,6,60
9,2,61~9,4,61
1,3,61~3,3,61
2,4,61~2,4,62
4,4,64~6,4,64
8,1,62~8,3,62
1,2,62~1,4,62
6,2,65~6,4,65
1,2,63~1,5,63
8,3,63~8,4,63
5,4,66~7,4,66
4,9,64~7,9,64
5,6,64~7,6,64
5,2,66~7,2,66
4,3,65~4,5,65
3,4,66~4,4,66
4,5,66~6,5,66
3,2,67~5,2,67
2,5,67~4,5,67
5,5,67~6,5,67
0,6,61~2,6,61
9,2,62~9,4,62
2,4,63~2,4,65
6,6,65~6,7,65
3,9,65~6,9,65
7,9,65~9,9,65
5,6,65~5,6,68
7,0,67~7,3,67
3,9,66~5,9,66
4,9,67~4,9,67
2,5,68~2,6,68
9,9,66~9,9,69
3,2,68~3,5,68
3,3,69~5,3,69
0,4,62~0,7,62
9,2,63~9,4,63
9,2,64~9,4,64
7,7,66~7,9,66
9,3,65~9,4,65
5,9,67~7,9,67
7,8,67~9,8,67
5,1,68~7,1,68
5,6,69~7,6,69
3,4,69~5,4,69
7,0,69~7,4,69
7,9,70~9,9,70
2,5,69~5,5,69
6,0,69~6,3,69
6,4,70~8,4,70
6,2,70~8,2,70
3,2,69~3,2,71
4,6,70~6,6,70
6,1,70~8,1,70
2,3,70~4,3,70
0,1,63~0,5,63
0,6,63~0,8,63
0,6,64~0,6,64
0,4,64~0,4,66
0,1,64~0,1,65
5,9,68~5,9,68
5,1,69~5,2,69
6,8,68~7,8,68
7,0,70~9,0,70
2,5,70~3,5,70
1,4,70~3,4,70
7,2,71~7,3,71
6,4,71~6,5,71
4,3,71~4,5,71
1,3,71~1,4,71
8,0,71~9,0,71
6,5,72~8,5,72
9,0,72~9,1,72
2,2,72~5,2,72
1,3,72~3,3,72
3,2,73~3,3,73
8,1,73~9,1,73
7,0,73~9,0,73
0,7,64~2,7,64
1,7,65~3,7,65
0,7,66~2,7,66
1,6,67~1,8,67
0,5,67~0,7,67
1,6,68~1,7,68
6,8,69~8,8,69
6,0,71~7,0,71
2,4,71~2,5,71
6,6,71~6,9,71
3,5,72~4,5,72
4,0,72~6,0,72
6,5,73~8,5,73
4,2,73~6,2,73
4,4,73~4,5,73
3,1,74~3,3,74
2,4,72~2,4,74
6,5,74~8,5,74
8,4,75~8,7,75
6,3,75~6,5,75
3,3,75~3,3,78
6,2,74~6,2,77
1,3,79~3,3,79
2,1,80~2,3,80
0,5,68~1,5,68
6,0,74~8,0,74
5,5,76~7,5,76
1,3,80~1,5,80
0,2,81~3,2,81
2,3,81~4,3,81
1,7,69~3,7,69
0,3,69~0,6,69
0,5,70~0,5,71
1,7,70~1,7,70
8,3,76~8,5,76
6,2,78~8,2,78
7,2,79~7,4,79
4,2,80~8,2,80
3,3,82~3,4,82
0,1,82~0,4,82
2,2,82~2,3,82
2,6,70~2,8,70
2,8,71~5,8,71
0,8,72~2,8,72
0,8,73~3,8,73
7,3,80~7,4,80
7,3,81~8,3,81
6,2,81~6,3,81
7,1,82~7,3,82
6,4,81~8,4,81
7,2,83~8,2,83
2,3,83~5,3,83
0,0,83~0,1,83
3,1,84~3,3,84
7,0,83~7,1,83
0,0,84~1,0,84
0,3,84~2,3,84
5,6,72~5,8,72
8,3,82~8,5,82
7,0,84~9,0,84
0,1,84~2,1,84
8,0,85~9,0,85
8,0,86~8,0,90
4,7,73~5,7,73
5,6,73~5,6,73
8,2,84~8,3,84
0,1,85~0,3,85
2,0,85~2,1,85
8,2,85~8,3,85
4,7,74~6,7,74
2,7,75~5,7,75
2,0,86~2,4,86
2,1,87~3,1,87
6,7,76~9,7,76
2,7,76~5,7,76
8,7,77~9,7,77
8,7,78~8,9,78
6,6,77~6,8,77
6,9,79~8,9,79
9,6,78~9,7,78
2,5,77~2,8,77
4,8,78~7,8,78
3,7,77~3,7,79
7,6,79~7,8,79
0,8,78~2,8,78
0,6,79~0,9,79
1,7,79~1,9,79
7,6,80~9,6,80
3,7,80~6,7,80
2,8,79~2,8,80
0,6,80~2,6,80
1,7,80~1,9,80
3,7,81~3,9,81
4,7,81~4,8,81
5,5,81~5,7,81
9,5,81~9,7,81
5,5,82~6,5,82
4,6,82~4,7,82
0,7,81~1,7,81
3,9,82~5,9,82
2,7,82~3,7,82
0,7,82~0,8,82
2,7,83~2,9,83
9,7,82~9,9,82
5,5,83~7,5,83
0,6,83~0,8,83
6,5,84~6,8,84
5,1,84~5,5,84
5,1,85~6,1,85
5,6,85~8,6,85
4,1,86~6,1,86
6,6,86~8,6,86
9,5,83~9,8,83
9,8,84~9,9,84
0,5,84~0,8,84
7,6,87~8,6,87
9,8,85~9,9,85
4,6,86~4,8,86
4,1,87~6,1,87
3,5,85~6,5,85
0,7,85~0,9,85
4,5,86~7,5,86
3,8,85~6,8,85
4,7,87~7,7,87
8,7,84~9,7,84
0,5,85~0,6,85
0,5,86~1,5,86
0,7,86~0,9,86
3,7,86~3,9,86
2,5,87~4,5,87
7,6,88~7,7,88
5,5,87~8,5,87
4,2,88~4,5,88
2,2,88~2,5,88
5,7,88~5,7,90
1,3,89~3,3,89
7,7,89~9,7,89
8,7,90~8,8,90
2,9,87~5,9,87
2,9,88~4,9,88
0,2,89~2,2,89
6,5,88~6,9,88
4,4,89~4,5,89
9,5,90~9,7,90
0,1,90~0,3,90
0,1,91~0,2,91
7,7,90~7,7,93
9,7,91~9,9,91
5,9,89~7,9,89
7,9,90~7,9,90
1,2,90~4,2,90
2,1,91~2,4,91
1,4,92~2,4,92
5,8,89~7,8,89
0,9,89~2,9,89
6,3,89~6,5,89
6,3,90~6,6,90
3,5,90~4,5,90
6,4,91~8,4,91
3,3,91~3,5,91
2,1,92~4,1,92
5,6,91~8,6,91
8,2,92~8,4,92
9,8,92~9,8,94
7,6,92~8,6,92
0,4,93~2,4,93
1,2,94~1,4,94
1,2,95~3,2,95
0,3,95~2,3,95
2,2,96~3,2,96
0,3,96~0,5,96
4,4,91~4,6,91
4,2,92~4,4,92
4,1,93~6,1,93
1,1,93~3,1,93
3,5,92~3,8,92
6,0,94~6,2,94
5,0,95~7,0,95
0,4,97~0,6,97
0,4,98~2,4,98
1,8,93~4,8,93
1,6,93~3,6,93
3,4,93~4,4,93
2,1,94~4,1,94
4,8,94~6,8,94
3,5,93~4,5,93
1,7,93~4,7,93
2,8,94~3,8,94
1,7,94~1,9,94
5,7,95~5,9,95
4,5,94~7,5,94
0,1,95~3,1,95
6,4,95~6,7,95
0,1,99~0,4,99
0,1,100~0,3,100
0,4,100~0,6,100
0,6,101~0,7,101
3,6,94~3,6,95
7,2,95~7,5,95
4,7,95~4,9,95
0,9,95~3,9,95
4,4,95~4,6,95
1,0,96~1,2,96
1,8,96~1,9,96
1,5,95~1,7,95
5,8,96~5,9,96
6,7,96~6,9,96
3,0,96~3,1,96
7,1,96~7,3,96
5,5,96~6,5,96
6,9,97~8,9,97
3,3,97~7,3,97
0,9,96~0,9,98
3,0,97~6,0,97
3,3,98~5,3,98
7,2,98~7,5,98
5,2,99~5,3,99
4,4,96~5,4,96
3,7,96~5,7,96
7,1,97~7,1,97
5,8,97~6,8,97
6,3,98~6,6,98
7,1,98~9,1,98
1,0,98~3,0,98
1,2,97~1,2,99
6,3,99~9,3,99
6,2,99~9,2,99
0,9,99~2,9,99
4,5,99~6,5,99
5,3,100~7,3,100
1,5,96~1,5,96
3,1,97~5,1,97
4,4,97~4,6,97
4,9,98~7,9,98
1,5,97~1,5,97
3,4,98~5,4,98
4,1,98~5,1,98
1,0,99~4,0,99
7,4,99~7,6,99
1,1,99~5,1,99
8,1,99~9,1,99
2,4,99~4,4,99
4,2,101~4,2,101
3,1,100~5,1,100
7,5,100~8,5,100
3,3,99~3,3,101
3,2,100~5,2,100
0,0,100~2,0,100
4,6,98~4,6,99
9,0,101~9,1,101
8,1,100~9,1,100
6,4,100~9,4,100
2,5,100~5,5,100
5,6,100~7,6,100
8,5,101~9,5,101
2,2,102~4,2,102
1,4,100~4,4,100
4,6,100~4,7,100
7,6,101~7,6,102
6,6,101~6,8,101
5,5,102~8,5,102
3,3,102~4,3,102
4,6,101~4,6,102
4,2,103~6,2,103
4,5,103~6,5,103
1,3,103~3,3,103
7,5,103~7,7,103
5,2,104~8,2,104
2,7,101~4,7,101
5,8,102~8,8,102
2,7,102~4,7,102
8,5,103~8,8,103
8,5,104~9,5,104
6,8,103~6,9,103
4,7,103~4,8,103
4,2,104~4,3,104
1,3,104~3,3,104
9,3,105~9,5,105
7,0,105~7,3,105
2,7,104~4,7,104
2,5,104~5,5,104
8,7,104~8,8,104
2,5,105~5,5,105
6,0,105~6,3,105
5,5,106~7,5,106
4,2,106~4,5,106
2,3,107~4,3,107
5,6,103~5,8,103
8,7,105~8,9,105
2,6,105~2,8,105
0,3,105~1,3,105
2,2,105~2,4,105
0,0,106~0,3,106
7,0,106~7,2,106
7,3,106~9,3,106
1,7,106~2,7,106
6,0,107~7,0,107
0,7,107~1,7,107
8,3,107~9,3,107
3,3,108~3,6,108
6,8,104~6,9,104
1,2,106~1,3,106
0,8,106~2,8,106
2,2,106~3,2,106
2,4,106~2,5,106
5,7,106~8,7,106
3,2,107~4,2,107
3,0,108~3,2,108
8,3,108~8,6,108
0,2,107~1,2,107
7,3,107~7,6,107
0,7,108~0,7,109
3,4,109~3,4,110
5,5,109~8,5,109
7,3,109~9,3,109
9,1,110~9,4,110
0,6,110~0,7,110
7,5,110~9,5,110
3,3,111~3,5,111
0,3,111~0,6,111
1,8,107~4,8,107
4,2,108~4,5,108
4,7,108~4,9,108
6,7,107~6,9,107
3,1,109~5,1,109
4,5,109~4,7,109
4,4,109~6,4,109
3,2,109~6,2,109
4,0,110~4,1,110
4,5,110~6,5,110
8,4,109~8,4,112
5,3,111~5,5,111
4,6,110~7,6,110
1,0,111~4,0,111
7,1,110~7,3,110
0,4,112~0,5,112
0,0,112~1,0,112
7,6,111~7,9,111
7,5,111~9,5,111
3,3,112~3,6,112
5,4,112~7,4,112
3,0,112~5,0,112
0,4,113~0,7,113
1,8,108~3,8,108
3,9,109~4,9,109
1,1,110~3,1,110
1,8,109~1,9,109
2,5,109~2,8,109
4,3,109~4,3,112
2,7,110~2,9,110
3,2,110~6,2,110
5,8,112~7,8,112
1,7,110~1,8,110
2,5,110~2,6,110
6,7,112~8,7,112
7,1,111~9,1,111
8,5,112~8,6,112
2,1,111~2,2,111
1,0,113~2,0,113
6,6,112~7,6,112
6,9,112~9,9,112
8,2,113~8,4,113
9,4,112~9,6,112
4,4,113~5,4,113
8,2,114~9,2,114
2,6,113~4,6,113
8,3,114~8,4,114
0,3,114~0,5,114
7,3,115~9,3,115
4,3,113~4,3,115
7,1,116~7,3,116
3,7,109~3,8,109
2,4,111~2,5,111
5,1,111~5,2,111
2,9,111~5,9,111
2,8,111~3,8,111
2,2,112~5,2,112
9,4,113~9,7,113
9,0,112~9,1,112
2,1,112~3,1,112
4,7,113~6,7,113
2,1,113~4,1,113
7,7,113~7,9,113
6,4,114~6,7,114
3,5,114~3,6,114
0,1,114~3,1,114
8,0,115~8,2,115
4,7,114~5,7,114
6,0,116~8,0,116
3,5,115~3,7,115
6,3,117~8,3,117
2,3,116~5,3,116
6,0,117~8,0,117
2,2,113~2,4,113
3,8,113~5,8,113
2,2,114~4,2,114
7,6,114~7,8,114
6,8,115~8,8,115
5,7,115~7,7,115
2,1,115~2,1,117
2,5,116~4,5,116
6,7,116~8,7,116
3,6,116~6,6,116
4,6,117~5,6,117
2,2,117~2,3,117
6,0,118~8,0,118
7,3,118~7,3,121
6,3,122~9,3,122
1,9,112~2,9,112
4,9,112~4,9,114
7,9,114~9,9,114
1,9,113~1,9,116
3,9,115~5,9,115
1,2,115~4,2,115
0,0,115~0,3,115
6,8,116~8,8,116
6,9,115~8,9,115
0,0,116~0,2,116
3,9,116~7,9,116
2,5,117~2,8,117
0,1,117~0,3,117
0,8,118~2,8,118
1,5,118~3,5,118
5,0,119~6,0,119
4,5,117~4,5,119
1,3,119~1,5,119
8,0,119~8,0,121
8,3,123~8,4,123
7,2,123~7,4,123
7,4,124~8,4,124
0,9,117~1,9,117
3,2,116~6,2,116
6,8,117~8,8,117
4,2,117~6,2,117
0,9,118~1,9,118
2,6,118~2,7,118
0,2,118~0,4,118
2,4,119~2,6,119
0,9,119~2,9,119
1,7,119~3,7,119
1,7,120~1,9,120
4,5,120~5,5,120
0,8,121~1,8,121
7,0,124~7,3,124
6,1,125~9,1,125
6,0,125~8,0,125
6,2,125~8,2,125
6,1,126~6,4,126
4,1,118~4,3,118
3,2,119~5,2,119
5,1,120~5,2,120
0,9,121~1,9,121
2,6,120~2,7,120
3,7,120~3,8,120
0,5,120~3,5,120
0,3,121~0,6,121
3,8,121~5,8,121
2,6,121~5,6,121
5,3,121~5,5,121
1,8,122~1,8,123
3,4,122~3,6,122
5,5,122~7,5,122
0,4,122~0,5,122
7,5,123~7,6,123
7,1,126~8,1,126
8,1,127~8,1,130
6,2,127~6,2,129
6,1,131~9,1,131
8,1,132~8,4,132
3,1,120~3,3,120
3,7,121~5,7,121
2,4,121~2,5,121
3,2,121~6,2,121
1,1,121~4,1,121
2,2,122~2,4,122
0,6,122~2,6,122
0,6,123~0,8,123
0,3,122~0,3,124
7,5,124~7,7,124
7,3,125~7,6,125
7,4,126~9,4,126
1,4,121~1,5,121
0,1,122~2,1,122
4,0,122~4,3,122
1,6,123~1,7,123
4,3,123~4,5,123
1,1,123~3,1,123
5,1,122~5,4,122
0,5,123~2,5,123
3,1,124~3,1,124
0,7,124~0,9,124
1,0,124~1,2,124
7,3,126~9,3,126
0,9,125~2,9,125
0,3,125~0,4,125
9,3,127~9,6,127
5,6,126~8,6,126
7,5,127~7,6,127
8,5,127~8,8,127
2,9,126~2,9,129
7,4,127~7,4,130
4,2,130~6,2,130
5,0,123~5,3,123
4,1,124~4,4,124
3,0,125~3,1,125
5,3,124~5,3,125
0,1,125~1,1,125
2,5,124~2,5,126
5,4,127~5,7,127
7,5,128~9,5,128
8,6,128~8,7,128
4,4,128~6,4,128
6,8,128~8,8,128
6,4,129~6,5,129
5,4,131~7,4,131
5,2,131~6,2,131
7,2,132~7,4,132
6,0,132~6,3,132
6,0,133~7,0,133
5,0,134~6,0,134
6,3,133~8,3,133
7,3,134~9,3,134
5,1,124~5,1,126
4,3,125~4,3,128
1,1,126~1,3,126
5,7,128~6,7,128
3,6,128~5,6,128
9,4,129~9,7,129
4,5,129~4,7,129
5,7,129~7,7,129
9,4,130~9,6,130
8,5,129~8,8,129
5,5,130~5,8,130
6,1,133~9,1,133
5,4,133~7,4,133
7,1,134~9,1,134
4,4,134~6,4,134
3,4,135~6,4,135
7,1,135~7,1,137
6,4,136~9,4,136
6,4,137~9,4,137
6,4,138~6,6,138
6,4,139~6,6,139
6,6,140~6,8,140
0,2,127~3,2,127
3,5,129~3,6,129
1,0,128~1,3,128
4,4,130~4,7,130
7,7,130~7,8,130
6,5,130~6,7,130
8,5,130~8,7,130
1,3,129~1,3,132
4,8,131~6,8,131
8,5,131~8,8,131
3,2,133~6,2,133
8,7,132~8,7,132
5,1,134~5,2,134
5,1,135~5,2,135
6,0,135~6,2,135
2,0,135~5,0,135
3,4,136~4,4,136
9,4,138~9,5,138
8,4,138~8,5,138
9,4,139~9,7,139
3,1,128~3,2,128
0,2,128~0,2,129
3,6,130~3,6,132
6,8,132~6,9,132
5,7,132~5,9,132
4,8,133~6,8,133
8,5,133~8,7,133
4,1,134~4,3,134
6,0,136~8,0,136
4,0,136~4,0,138
8,2,139~8,4,139
9,4,140~9,6,140
2,2,128~2,4,128
2,0,129~2,3,129
3,1,129~5,1,129
0,2,130~0,4,130
4,9,133~5,9,133
3,6,133~5,6,133
4,4,137~4,6,137
5,3,136~5,6,136
6,0,137~6,1,137
6,1,138~6,3,138
9,5,141~9,8,141
4,0,139~4,0,142
2,1,130~2,3,130
3,5,134~3,8,134
4,6,134~4,8,134
4,9,134~7,9,134
3,7,135~3,9,135
0,6,135~3,6,135
3,3,137~3,5,137
5,3,137~5,3,139
5,0,138~7,0,138
6,2,140~9,2,140
6,0,139~9,0,139
9,0,141~9,2,141
5,7,141~6,7,141
5,6,141~8,6,141
8,0,140~8,0,142
7,9,135~7,9,136
2,6,136~2,8,136
0,5,136~0,7,136
3,7,136~3,7,137
3,1,138~3,4,138
3,5,138~5,5,138
7,9,137~9,9,137
2,7,137~2,7,138
5,4,139~5,7,139
2,7,139~4,7,139
2,4,139~4,4,139
5,0,140~7,0,140
7,1,141~7,2,141
5,7,142~7,7,142
7,4,142~7,6,142
8,5,142~8,7,142
0,6,137~2,6,137
5,9,138~8,9,138
2,2,139~4,2,139
1,6,138~1,6,141
4,5,140~4,8,140
3,4,140~5,4,140
3,7,140~3,8,140
4,2,140~4,3,140
4,2,141~4,4,141
3,6,141~3,9,141
3,5,141~5,5,141
7,0,141~7,0,142
4,6,141~4,9,141
2,2,140~2,2,142
7,4,143~7,7,143
5,0,143~7,0,143
1,8,142~3,8,142
1,6,143~3,6,143
6,4,144~9,4,144
1,6,144~1,8,144
1,6,142~1,7,142
5,4,141~6,4,141
2,7,142~3,7,142
4,9,142~4,9,143
2,2,143~3,2,143
3,0,144~3,3,144
9,3,145~9,4,145
0,1,145~3,1,145
7,4,145~7,7,145
5,7,146~7,7,146
3,4,142~5,4,142
2,2,144~2,4,144
0,8,145~2,8,145
9,4,146~9,6,146
3,0,145~3,0,147
6,5,146~8,5,146
0,1,146~3,1,146
2,1,147~4,1,147
3,5,147~6,5,147
5,3,143~5,5,143
2,2,145~4,2,145
1,3,145~3,3,145
0,0,147~0,3,147
7,3,147~7,5,147
1,2,146~4,2,146
0,3,148~0,4,148
